Example
--------

----------------
Input 2D matrix:
----------------
101	174	89	121	12	172	52	
57	212	232	41	182	128	36	
155	206	5	75	19	143	111	
116	54	125	190	207	8	108	
216	67	211	105	242	77	115	
198	90	88	225	250	175	197	
26	186	117	53	88	169	52	
230	31	1	52	84	7	213

----------------------------
Output of 'histogram' kernel
-----------------------------
number of bins = 16

d_bin[0]:   1
d_bin[1]:   2
d_bin[2]:   1
d_bin[3]:   4
d_bin[4]:   7
d_bin[5]:   6
d_bin[6]:   4
d_bin[7]:   1
d_bin[8]:   5
d_bin[9]:   6
d_bin[10]:  4
d_bin[11]:  2
d_bin[12]:  3
d_bin[13]:  2
d_bin[14]:  3
d_bin[15]:  5

-----------------------------------------------------------
State of input matrix after 'updateBC' kernel
-----------------------------------------------------------

1	1	1	1	1	1	1	
1	212	232	41	182	128	1	
1	206	5	75	19	143	1	
1	54	125	190	207	8	1	
1	67	211	105	242	77	1	
1	90	88	225	250	175	1	
1	186	117	53	88	169	1	
1	1	1	1	1	1	1	

-----------------------------------------------------------
State of input matrix after 'stencil' kernel
-----------------------------------------------------------

1	1	1	1	1	1	1	
1	130	98	106	74	91	1	
1	95	128	66	125	59	1	
1	90	117	140	133	87	1	
1	84	119	194	176	100	1	
1	86	146	144	196	134	1	
1	79	89	96	112	86	1	
1	1	1	1	1	1	1	

